[1;38;2;255;130;110m⣿[1;38;2;251;127;108m⣿[1;38;2;248;125;105m⣿[1;38;2;244;122;103m⣿[1;38;2;241;119;101m⣿[1;38;2;237;117;98m⣿[1;38;2;234;114;96m⣶[1;38;2;230;111;94m⣾[1;38;2;226;109;91m⣿[1;38;2;223;106;89m⣿[1;38;2;219;103;87m⣿[1;38;2;216;101;84m⣿[1;38;2;212;98;82m⣿[1;38;2;209;95;80m⣶[1;38;2;205;93;77m⣿[1;38;2;201;90;75m⣿[1;38;2;198;87;73m⣿[1;38;2;194;85;70m⣷[1;38;2;191;82;68m⣿[1;38;2;187;79;66m⣿[1;38;2;184;77;63m⣿[1;38;2;180;74;61m⣿[0m
[1;38;2;248;125;106m⣿[1;38;2;245;122;103m⣿[1;38;2;241;120;101m⡿[1;38;2;237;117;99m⠿[1;38;2;234;114;96m⢿[1;38;2;230;112;94m⣿[1;38;2;227;109;92m⣿[1;38;2;223;106;89m⣿[1;38;2;220;104;87m⣿[1;38;2;216;101;85m⣿[1;38;2;212;98;82m⣿[1;38;2;209;96;80m⣿[1;38;2;205;93;78m⣿[1;38;2;202;90;75m⣿[1;38;2;198;88;73m⣿[1;38;2;195;85;71m⠿[1;38;2;191;82;68m⢿[1;38;2;187;80;66m⣿[1;38;2;184;77;64m⣿[1;38;2;180;74;61m⣿[1;38;2;177;72;59m⣿[1;38;2;173;69;57m⣿[0m
[1;38;2;241;120;101m⣿[1;38;2;238;117;99m⣿[1;38;2;234;114;96m⣧[1;38;2;231;112;94m⡀[1;38;2;227;109;92m⠀[1;38;2;224;106;89m⠉[1;38;2;220;104;87m⠻[1;38;2;216;101;85m⢿[1;38;2;213;98;82m⣿[1;38;2;209;96;80m⣿[1;38;2;206;93;78m⣿[1;38;2;202;90;75m⣿[1;38;2;199;88;73m⣿[1;38;2;195;85;71m⣏[1;38;2;191;82;68m⠁[1;38;2;188;80;66m⠀[1;38;2;184;77;64m⠀[1;38;2;181;74;61m⢙[1;38;2;177;72;59m⣿[1;38;2;174;69;57m⣿[1;38;2;170;66;54m⣿[1;38;2;166;64;52m⣿[0m
[1;38;2;235;115;97m⣿[1;38;2;231;112;94m⣿[1;38;2;227;109;92m⣿[1;38;2;224;107;90m⣿[1;38;2;220;104;87m⣄[1;38;2;217;101;85m⠀[1;38;2;213;99;83m⠀[1;38;2;210;96;80m⠀[1;38;2;206;93;78m⠙[1;38;2;202;91;76m⠻[1;38;2;199;88;73m⢿[1;38;2;195;85;71m⣿[1;38;2;192;83;69m⣿[1;38;2;188;80;66m⣿[1;38;2;185;77;64m⣷[1;38;2;181;75;62m⣦[1;38;2;177;72;59m⡀[1;38;2;174;69;57m⣸[1;38;2;170;67;55m⣿[1;38;2;167;64;52m⣿[1;38;2;163;61;50m⣿[1;38;2;160;59;48m⣿[0m
[1;38;2;228;110;92m⢹[1;38;2;224;107;90m⣿[1;38;2;221;104;88m⣿[1;38;2;217;102;85m⣿[1;38;2;213;99;83m⣿[1;38;2;210;96;81m⣷[1;38;2;206;94;78m⣄[1;38;2;203;91;76m⠀[1;38;2;199;88;74m⠀[1;38;2;196;86;71m⠀[1;38;2;192;83;69m⠀[1;38;2;188;80;67m⠙[1;38;2;185;78;64m⠻[1;38;2;181;75;62m⢿[1;38;2;178;72;60m⣿[1;38;2;174;70;57m⣿[1;38;2;171;67;55m⣿[1;38;2;167;64;53m⣿[1;38;2;163;62;50m⣿[1;38;2;160;59;48m⣿[1;38;2;156;56;46m⣿[1;38;2;153;54;43m⡁[0m
[1;38;2;221;105;88m⣾[1;38;2;217;102;85m⣿[1;38;2;214;99;83m⣿[1;38;2;210;97;81m⣿[1;38;2;207;94;78m⣿[1;38;2;203;91;76m⣿[1;38;2;199;89;74m⣿[1;38;2;196;86;71m⣷[1;38;2;192;83;69m⣄[1;38;2;189;81;67m⠀[1;38;2;185;78;64m⠀[1;38;2;182;75;62m⠀[1;38;2;178;73;60m⠀[1;38;2;174;70;57m⠀[1;38;2;171;67;55m⠉[1;38;2;167;65;53m⠻[1;38;2;164;62;50m⢿[1;38;2;160;59;48m⣿[1;38;2;157;57;46m⣿[1;38;2;153;54;43m⣿[1;38;2;149;51;41m⣿[1;38;2;146;49;39m⡇[0m
[1;38;2;214;99;83m⣿[1;38;2;211;97;81m⣿[1;38;2;207;94;79m⣿[1;38;2;203;91;76m⣿[1;38;2;200;89;74m⠿[1;38;2;196;86;72m⣿[1;38;2;193;83;69m⣿[1;38;2;189;81;67m⣿[1;38;2;186;78;65m⣿[1;38;2;182;75;62m⣷[1;38;2;178;73;60m⣄[1;38;2;175;70;58m⠀[1;38;2;171;67;55m⠀[1;38;2;168;65;53m⠀[1;38;2;164;62;51m⠀[1;38;2;161;59;48m⠀[1;38;2;157;57;46m⠀[1;38;2;153;54;44m⠉[1;38;2;150;51;41m⠻[1;38;2;146;49;39m⣿[1;38;2;143;46;37m⣿[1;38;2;139;43;34m⣷[0m
[1;38;2;207;94;79m⢹[1;38;2;204;92;76m⣿[1;38;2;200;89;74m⣿[1;38;2;197;86;72m⠇[1;38;2;193;84;69m⠀[1;38;2;189;81;67m⠈[1;38;2;186;78;65m⠻[1;38;2;182;76;62m⣿[1;38;2;179;73;60m⣿[1;38;2;175;70;58m⣿[1;38;2;172;68;55m⣿[1;38;2;168;65;53m⣷[1;38;2;164;62;51m⣄[1;38;2;161;60;48m⠀[1;38;2;157;57;46m⠀[1;38;2;154;54;44m⠀[1;38;2;150;52;41m⠀[1;38;2;147;49;39m⠀[1;38;2;143;46;37m⢠[1;38;2;139;44;34m⣿[1;38;2;136;41;32m⣿[1;38;2;132;38;30m⣿[0m
[1;38;2;200;89;74m⣾[1;38;2;197;87;72m⣿[1;38;2;193;84;70m⣿[1;38;2;190;81;67m⣄[1;38;2;186;79;65m⡀[1;38;2;183;76;63m⠀[1;38;2;179;73;60m⠀[1;38;2;175;71;58m⣈[1;38;2;172;68;56m⣿[1;38;2;168;65;53m⣿[1;38;2;165;63;51m⣿[1;38;2;161;60;49m⣿[1;38;2;158;57;46m⣿[1;38;2;154;55;44m⣦[1;38;2;150;52;42m⡀[1;38;2;147;49;39m⠀[1;38;2;143;47;37m⠀[1;38;2;140;44;35m⠀[1;38;2;136;41;32m⣸[1;38;2;133;39;30m⣿[1;38;2;129;36;28m⣿[1;38;2;125;33;25m⣿[0m
[1;38;2;194;84;70m⣿[1;38;2;190;82;68m⣿[1;38;2;186;79;65m⣿[1;38;2;183;76;63m⣿[1;38;2;179;74;61m⣿[1;38;2;176;71;58m⣶[1;38;2;172;68;56m⣿[1;38;2;169;66;54m⣿[1;38;2;165;63;51m⣿[1;38;2;161;60;49m⣿[1;38;2;158;58;47m⣿[1;38;2;154;55;44m⣿[1;38;2;151;52;42m⣿[1;38;2;147;50;40m⣿[1;38;2;144;47;37m⣿[1;38;2;140;44;35m⣶[1;38;2;136;42;33m⣶[1;38;2;133;39;30m⣶[1;38;2;129;36;28m⣿[1;38;2;126;34;26m⣿[1;38;2;122;31;23m⣿[1;38;2;119;28;21m⣿[0m
[1;38;2;187;79;65m⣿[1;38;2;183;76;63m⣿[1;38;2;180;74;61m⣿[1;38;2;176;71;58m⣿[1;38;2;173;68;56m⣿[1;38;2;169;66;54m⣿[1;38;2;165;63;51m⣿[1;38;2;162;60;49m⣿[1;38;2;158;58;47m⣿[1;38;2;155;55;44m⣿[1;38;2;151;52;42m⣿[1;38;2;148;50;40m⣿[1;38;2;144;47;37m⣿[1;38;2;140;44;35m⣿[1;38;2;137;42;33m⣿[1;38;2;133;39;30m⣿[1;38;2;130;36;28m⡿[1;38;2;126;34;26m⢿[1;38;2;123;31;23m⣿[1;38;2;119;28;21m⣿[1;38;2;115;26;19m⣿[1;38;2;112;23;16m⣿[0m
[1;38;2;180;74;61m⠀[1;38;2;176;71;59m⠀[1;38;2;173;69;56m⠀[1;38;2;169;66;54m⠀[1;38;2;166;63;52m⠀[1;38;2;162;61;49m⠀[1;38;2;159;58;47m⠀[1;38;2;155;55;45m⠀[1;38;2;151;53;42m⠙[1;38;2;148;50;40m⠛[1;38;2;144;47;38m⠛[1;38;2;141;45;35m⠛[1;38;2;137;42;33m⠋[1;38;2;134;39;31m⠀[1;38;2;130;37;28m⠀[1;38;2;126;34;26m⠀[1;38;2;123;31;24m⠀[1;38;2;119;29;21m⠀[1;38;2;116;26;19m⠀[1;38;2;112;23;17m⠀[1;38;2;109;21;14m⠀[1;38;2;105;18;12m⠀[0m
